2 -3.4560493730390E-03 -2.0556550708301E-04 -2.6220940527672E-03
4 -4.4837413783213E-03 -8.7328250943122E-04 -2.6220940527672E-03
6 -5.9994889307860E-03 -1.8658199368395E-03 -2.6220940527672E-03
8 -8.0028394899364E-03 -3.1160678942249E-03 -2.6220940527672E-03
10 -1.0284576481869E-02 -4.9957217527150E-03 -2.6220940527672E-03
12 -1.2090760436088E-02 -6.6069663785092E-03 -2.6220940527672E-03
14 -1.4044680239556E-02 -8.3405057720833E-03 -2.6220940527672E-03
16 -1.6552880343160E-02 -1.0805398845098E-02 -2.6220940527672E-03
18 -1.9729631366399E-02 -1.3941397065777E-02 -2.6220940527672E-03
20 -2.1891742938085E-02 -1.6058788992896E-02 -2.6220940527672E-03
22 -2.4265586912942E-02 -1.8390311485733E-02 -2.6220940527672E-03
24 -2.6656298154101E-02 -2.0735636751830E-02 -2.6220940527672E-03
26 -2.9259874308016E-02 -2.3297395789102E-02 -2.6220940527672E-03
28 -3.2693484145490E-02 -2.6712103409430E-02 -2.6220940527672E-03
30 -3.6759114069514E-02 -3.0759624001983E-02 -2.6220940527672E-03
