#n       sm=0.01Ry       sm=0.001Ry
2       -0.445413       -0.445151
4       -0.291004       -0.292746
6       -0.247874       -0.225159
8       -0.288287       -0.287262
10      -0.330875       -0.335555
12      -0.303538       -0.301152
14      -0.286313       -0.285697
16      -0.302298       -0.30325
18      -0.310373       -0.308988
20      -0.325259       -0.316827
22      -0.309159       -0.309009
24      -0.346174       -0.345696
26      -0.324134       -0.332313
28      -0.305858       -0.312293
30      -0.287575       -0.283943
32      -0.289047       -0.28423
34      -0.297259       -0.302183
36      -0.301035       -0.299058