#n    sm=0.01Ry       sm=0.001Ry
2	-10.79245303	-10.79055482
4	-23.00075914	-23.6999021
6	-16.73697078	-16.51890805
8	-17.25465993	-17.41760849
10	-16.39360693	-15.35242103
12	-18.22836973	-18.21103477
14	-17.14685378	-16.10575886
16	-16.09950259	-15.16944550
18	-16.64387973	-16.64288826
20	-17.46870973	-16.93572190
22	-18.19153805	-18.30100083
24	-18.19380022	-18.59614369
26	-20.54729069	-20.42049924
28	-21.91323478	-22.28971231
30	-22.09338652	-22.15586451
32	-21.75368105	-22.52788986
34	-21.39511265	-21.79024918
36	-20.35663445	-20.31589966