2 -4.3263219865917E-03 -1.8799605570342E-03 -2.6212232708258E-03
4 -5.6712197623652E-03 -7.2763639055642E-04 -2.6212232708258E-03
6 -7.7543133228385E-03 -1.7920264756694E-03 -2.6212232708258E-03
8 -9.5850827039603E-03 -3.3023057561829E-03 -2.6212232708258E-03
10 -1.2371464656723E-02 -5.0637337411162E-03 -2.6212232708258E-03
12 -1.4267806718989E-02 -6.7352036818821E-03 -2.6212232708258E-03
14 -1.6750910939126E-02 -8.8108492888719E-03 -2.6212232708258E-03
16 -1.9296049328485E-02 -1.0823582761004E-02 -2.6212232708258E-03
18 -2.2049954528659E-02 -1.3519336571351E-02 -2.6212232708258E-03
20 -2.4812957202392E-02 -1.6236843423631E-02 -2.6212232708258E-03
22 -2.7569081792861E-02 -1.8875373852405E-02 -2.6212232708258E-03
24 -3.0997853234511E-02 -2.2276392584388E-02 -2.6212232708258E-03
26 -3.3544259521071E-02 -2.4488122200953E-02 -2.6212232708258E-03
28 -3.5885090754435E-02 -2.6723109598439E-02 -2.6212232708258E-03
30 -3.9507473140070E-02 -3.0304279518866E-02 -2.6212232708258E-03
32 -4.2234593684150E-02 -3.3001201539370E-02 -2.6212232708258E-03
34 -4.4910349365123E-02 -3.5596720298308E-02 -2.6212232708258E-03
36 -4.8817603217696E-02 -3.9485255755513E-02 -2.6212232708258E-03
38 -5.2781414403831E-02 -4.3428675297106E-02 -2.6212232708258E-03
40 -5.5516004202948E-02 -4.6141194568040E-02 -2.6212232708258E-03
